(湖北省,荆州市),0.0,0.0,0.0,0.0,1.0,0.0,0.0,0.0,0.0
(江西省,宜春市),1.0,0.0,0.0,0.0,1.0,1.0,0.0,0.0,0.0
(宁夏回族自治区,石嘴山市),0.0,0.0,0.0,0.0,1.0,0.0,0.0,0.0,0.0
(山西省,临汾市),1.0,1.0,1.0,0.0,0.0,0.0,0.0,0.0,0.0
(云南省,昆明市),2.0,1.0,0.0,1.0,1.0,0.0,0.0,0.0,0.0
(西藏自治区,拉萨市),1.0,1.0,1.0,0.0,0.0,0.0,0.0,0.0,0.0
(贵州省,遵义市),1.0,0.0,0.0,0.0,0.0,0.0,0.0,0.0,0.0
(吉林省,辽源市),0.0,0.0,0.0,2.0,0.0,2.0,0.0,0.0,0.0
(黑龙江省,牡丹江市),2.0,1.0,0.0,1.0,0.0,0.0,0.0,0.0,0.0
(江苏省,南通市),2.0,2.0,1.0,3.0,5.0,4.0,2.0,0.0,0.0
(西藏自治区,未知),0.0,0.0,0.0,0.0,0.0,0.0,0.0,0.0,0.0
(陕西省,西安市),6.0,4.0,2.0,9.0,1.0,3.0,0.0,0.0,0.0
(山西省,长治市),2.0,2.0,0.0,2.0,0.0,0.0,0.0,0.0,0.0
(广东省,茂名市),2.0,2.0,2.0,0.0,1.0,0.0,0.0,0.0,0.0
(湖南省,永州市),0.0,0.0,0.0,0.0,2.0,0.0,0.0,0.0,0.0
(山东省,淄博市),0.0,0.0,0.0,2.0,0.0,2.0,0.0,0.0,0.0
(浙江省,宁波市),10.0,6.0,4.0,1.0,6.0,1.0,0.0,0.0,0.0
(安徽省,安庆市),1.0,1.0,1.0,1.0,0.0,1.0,0.0,0.0,0.0
(湖南省,邵阳市),4.0,4.0,1.0,2.0,1.0,0.0,0.0,0.0,0.0
(湖北省,未知),1.0,1.0,0.0,0.0,0.0,0.0,0.0,0.0,0.0
(安徽省,宣城市),3.0,1.0,1.0,0.0,0.0,0.0,0.0,0.0,0.0
(山东省,滨州市),1.0,1.0,0.0,0.0,1.0,0.0,0.0,0.0,0.0
(吉林省,通化市),1.0,1.0,1.0,0.0,0.0,0.0,0.0,0.0,0.0
(河北省,廊坊市),5.0,4.0,1.0,0.0,1.0,2.0,0.0,0.0,0.0
(安徽省,阜阳市),1.0,0.0,0.0,0.0,2.0,1.0,0.0,0.0,0.0
(辽宁省,辽阳市),3.0,1.0,0.0,1.0,1.0,0.0,0.0,0.0,0.0
(辽宁省,阜新市),4.0,1.0,0.0,2.0,0.0,0.0,0.0,0.0,0.0
(内蒙古自治区,巴彦淖尔市),0.0,0.0,0.0,1.0,1.0,0.0,0.0,0.0,0.0
(山西省,阳泉市),1.0,1.0,0.0,2.0,2.0,0.0,0.0,0.0,0.0
(浙江省,未知),1.0,1.0,0.0,0.0,1.0,1.0,0.0,0.0,0.0
(云南省,西双版纳傣族自治州),2.0,1.0,0.0,0.0,0.0,1.0,0.0,0.0,0.0
(福建省,宁德市),0.0,0.0,0.0,0.0,0.0,0.0,0.0,0.0,0.0
(江苏省,连云港市),4.0,4.0,2.0,1.0,1.0,0.0,0.0,0.0,0.0
(福建省,厦门市),3.0,2.0,1.0,2.0,1.0,1.0,0.0,0.0,0.0
(陕西省,咸阳市),2.0,2.0,1.0,0.0,0.0,0.0,0.0,0.0,0.0
(安徽省,滁州市),0.0,0.0,0.0,0.0,0.0,0.0,0.0,0.0,0.0
(四川省,广元市),1.0,1.0,0.0,0.0,0.0,0.0,0.0,0.0,0.0
(内蒙古自治区,呼和浩特市),1.0,0.0,0.0,1.0,1.0,0.0,0.0,0.0,0.0
(河北省,承德市),0.0,0.0,0.0,0.0,0.0,0.0,0.0,0.0,0.0
(江西省,景德镇市),1.0,1.0,0.0,0.0,1.0,0.0,0.0,0.0,0.0
(广西壮族自治区,崇左市),0.0,0.0,0.0,0.0,0.0,0.0,0.0,0.0,0.0
(黑龙江省,绥化市),0.0,0.0,0.0,0.0,1.0,1.0,0.0,0.0,0.0
(湖南省,岳阳市),4.0,3.0,2.0,0.0,1.0,0.0,0.0,0.0,0.0
(山东省,未知),1.0,1.0,0.0,1.0,1.0,1.0,0.0,0.0,0.0
(广东省,梅州市),0.0,0.0,0.0,0.0,0.0,0.0,0.0,0.0,0.0
(福建省,三明市),0.0,0.0,0.0,1.0,0.0,0.0,0.0,0.0,0.0
(山东省,枣庄市),1.0,1.0,0.0,1.0,2.0,0.0,0.0,0.0,0.0
(河南省,平顶山市),0.0,0.0,0.0,0.0,1.0,1.0,0.0,0.0,0.0
(四川省,内江市),7.0,6.0,3.0,3.0,4.0,5.0,1.0,0.0,0.0
(辽宁省,葫芦岛市),0.0,0.0,0.0,0.0,1.0,0.0,0.0,0.0,0.0
(河北省,张家口市),0.0,0.0,0.0,0.0,0.0,0.0,0.0,0.0,0.0
(四川省,南充市),3.0,3.0,3.0,3.0,3.0,1.0,1.0,0.0,0.0
(吉林省,延边朝鲜族自治州),1.0,1.0,1.0,1.0,0.0,0.0,0.0,0.0,0.0
(山东省,威海市),0.0,0.0,0.0,0.0,2.0,1.0,0.0,0.0,0.0
(宁夏回族自治区,固原市),1.0,1.0,1.0,0.0,0.0,0.0,0.0,0.0,0.0
(河北省,保定市),4.0,4.0,4.0,0.0,1.0,1.0,0.0,0.0,0.0
(重庆市,重庆市),8.0,4.0,3.0,3.0,8.0,7.0,0.0,0.0,0.0
(辽宁省,铁岭市),2.0,1.0,1.0,1.0,0.0,2.0,0.0,0.0,0.0
(山东省,潍坊市),6.0,5.0,3.0,1.0,2.0,1.0,0.0,0.0,0.0
(河南省,三门峡市),2.0,2.0,2.0,0.0,0.0,1.0,0.0,0.0,0.0
(浙江省,温州市),4.0,1.0,1.0,3.0,3.0,2.0,1.0,0.0,0.0
(内蒙古自治区,赤峰市),0.0,0.0,0.0,1.0,1.0,0.0,0.0,0.0,0.0
(四川省,乐山市),3.0,3.0,2.0,1.0,0.0,0.0,0.0,0.0,0.0
(河南省,商丘市),1.0,0.0,0.0,0.0,0.0,0.0,0.0,0.0,0.0
(河南省,洛阳市),1.0,1.0,1.0,0.0,0.0,1.0,0.0,0.0,0.0
(湖北省,黄冈市),1.0,0.0,0.0,0.0,1.0,0.0,0.0,0.0,0.0
(广东省,湛江市),2.0,2.0,1.0,0.0,0.0,0.0,0.0,0.0,0.0
(海南省,海口市),0.0,0.0,0.0,0.0,1.0,0.0,0.0,0.0,0.0
(广西壮族自治区,河池市),0.0,0.0,0.0,0.0,0.0,0.0,0.0,0.0,0.0
(黑龙江省,双鸭山市),0.0,0.0,0.0,1.0,0.0,0.0,0.0,0.0,0.0
(四川省,凉山彝族自治州),1.0,1.0,1.0,0.0,0.0,1.0,0.0,0.0,0.0
(江苏省,镇江市),0.0,0.0,0.0,1.0,0.0,0.0,0.0,0.0,0.0
(广西壮族自治区,南宁市),31.0,17.0,11.0,16.0,22.0,15.0,3.0,0.0,0.0
(四川省,资阳市),0.0,0.0,0.0,1.0,0.0,0.0,0.0,0.0,0.0
(河北省,石家庄市),10.0,6.0,3.0,6.0,2.0,2.0,0.0,0.0,0.0
(广东省,韶关市),1.0,1.0,1.0,0.0,0.0,0.0,0.0,0.0,0.0
(江西省,九江市),2.0,1.0,0.0,0.0,1.0,0.0,0.0,0.0,0.0
(江苏省,扬州市),3.0,1.0,0.0,0.0,0.0,0.0,0.0,0.0,0.0
(海南省,未知),1.0,1.0,0.0,0.0,0.0,0.0,0.0,0.0,0.0
(湖南省,常德市),0.0,0.0,0.0,0.0,1.0,0.0,0.0,0.0,0.0
(广东省,肇庆市),0.0,0.0,0.0,0.0,0.0,0.0,0.0,0.0,0.0
(山西省,晋中市),2.0,0.0,0.0,1.0,1.0,2.0,1.0,0.0,0.0
(安徽省,黄山市),0.0,0.0,0.0,0.0,1.0,0.0,0.0,0.0,0.0
(广东省,深圳市),4.0,3.0,2.0,2.0,3.0,0.0,0.0,0.0,0.0
(辽宁省,大连市),2.0,1.0,1.0,1.0,0.0,0.0,0.0,0.0,0.0
(黑龙江省,黑河市),1.0,0.0,0.0,1.0,0.0,0.0,0.0,0.0,0.0
(江西省,萍乡市),0.0,0.0,0.0,0.0,1.0,1.0,0.0,0.0,0.0
(广东省,珠海市),1.0,1.0,0.0,0.0,0.0,0.0,0.0,0.0,0.0
(广东省,阳江市),7.0,6.0,3.0,2.0,3.0,1.0,1.0,0.0,0.0
(山西省,晋城市),1.0,0.0,0.0,0.0,0.0,0.0,0.0,0.0,0.0
(内蒙古自治区,乌兰察布市),0.0,0.0,0.0,0.0,1.0,0.0,0.0,0.0,0.0
(云南省,文山壮族苗族自治州),1.0,1.0,0.0,0.0,0.0,0.0,0.0,0.0,0.0
(四川省,甘孜藏族自治州),2.0,2.0,1.0,0.0,0.0,0.0,0.0,0.0,0.0
(湖南省,长沙市),41.0,25.0,10.0,19.0,12.0,8.0,0.0,0.0,0.0
(江苏省,徐州市),7.0,4.0,1.0,3.0,1.0,2.0,0.0,0.0,0.0
(湖南省,湘潭市),1.0,0.0,0.0,0.0,0.0,0.0,0.0,0.0,0.0
(甘肃省,兰州市),0.0,0.0,0.0,2.0,0.0,1.0,1.0,0.0,0.0
(广东省,江门市),2.0,1.0,1.0,0.0,0.0,0.0,0.0,0.0,0.0
(河南省,焦作市),0.0,0.0,0.0,1.0,0.0,1.0,1.0,0.0,0.0
(安徽省,亳州市),0.0,0.0,0.0,1.0,1.0,0.0,0.0,0.0,0.0
(广东省,清远市),0.0,0.0,0.0,0.0,0.0,0.0,0.0,0.0,0.0
(辽宁省,抚顺市),0.0,0.0,0.0,1.0,0.0,0.0,0.0,0.0,0.0
(广西壮族自治区,北海市),1.0,1.0,1.0,1.0,0.0,1.0,0.0,0.0,0.0
(内蒙古自治区,通辽市),2.0,1.0,1.0,1.0,0.0,0.0,0.0,0.0,0.0
(吉林省,松原市),0.0,0.0,0.0,1.0,0.0,0.0,0.0,0.0,0.0
(青海省,西宁市),1.0,0.0,0.0,0.0,1.0,0.0,0.0,0.0,0.0
(山西省,吕梁市),1.0,1.0,0.0,0.0,0.0,0.0,0.0,0.0,0.0
(湖北省,宜昌市),1.0,1.0,1.0,0.0,1.0,0.0,0.0,0.0,0.0
(贵州省,黔西南布依族苗族自治未知),0.0,0.0,0.0,1.0,0.0,1.0,0.0,0.0,0.0
(广西壮族自治区,玉林市),0.0,0.0,0.0,0.0,0.0,0.0,0.0,0.0,0.0
(安徽省,蚌埠市),1.0,1.0,0.0,0.0,0.0,0.0,0.0,0.0,0.0
(河南省,郑州市),11.0,8.0,5.0,5.0,3.0,1.0,0.0,0.0,0.0
(山西省,太原市),2.0,1.0,0.0,4.0,2.0,1.0,1.0,0.0,0.0
(河南省,新乡市),1.0,1.0,1.0,0.0,0.0,0.0,0.0,0.0,0.0
(山西省,运城市),3.0,1.0,1.0,0.0,1.0,0.0,0.0,0.0,0.0
(湖南省,怀化市),0.0,0.0,0.0,0.0,2.0,0.0,0.0,0.0,0.0
(江西省,赣州市),0.0,0.0,0.0,2.0,1.0,1.0,1.0,0.0,0.0
(江西省,南昌市),8.0,5.0,3.0,6.0,3.0,4.0,1.0,0.0,0.0
(内蒙古自治区,包头市),2.0,1.0,1.0,0.0,2.0,1.0,0.0,0.0,0.0
(黑龙江省,鸡西市),1.0,0.0,0.0,2.0,0.0,1.0,0.0,0.0,0.0
(四川省,雅安市),0.0,0.0,0.0,1.0,0.0,0.0,0.0,0.0,0.0
(湖北省,襄樊市),1.0,1.0,0.0,1.0,0.0,0.0,0.0,0.0,0.0
(河北省,秦皇岛市),1.0,0.0,0.0,0.0,3.0,1.0,0.0,0.0,0.0
(吉林省,四平市),1.0,1.0,1.0,0.0,0.0,0.0,0.0,0.0,0.0
(广东省,揭阳市),0.0,0.0,0.0,0.0,1.0,1.0,0.0,0.0,0.0
(陕西省,宝鸡市),1.0,1.0,1.0,0.0,1.0,1.0,0.0,0.0,0.0
(安徽省,淮北市),3.0,1.0,1.0,0.0,0.0,0.0,0.0,0.0,0.0
(黑龙江省,哈尔滨市),8.0,5.0,2.0,2.0,1.0,1.0,0.0,0.0,0.0
(广西壮族自治区,贵港市),1.0,1.0,0.0,0.0,1.0,0.0,0.0,0.0,0.0
(辽宁省,营口市),1.0,1.0,1.0,0.0,0.0,0.0,0.0,0.0,0.0
(四川省,达州市),0.0,0.0,0.0,0.0,1.0,1.0,0.0,0.0,0.0
(浙江省,绍兴市),2.0,0.0,0.0,1.0,0.0,0.0,0.0,0.0,0.0
(四川省,眉山市),0.0,0.0,0.0,2.0,0.0,1.0,0.0,0.0,0.0
(黑龙江省,齐齐哈尔市),1.0,0.0,0.0,0.0,0.0,0.0,0.0,0.0,0.0
(河南省,濮阳市),0.0,0.0,0.0,1.0,0.0,0.0,0.0,0.0,0.0
(山东省,莱芜市),2.0,2.0,2.0,0.0,1.0,0.0,0.0,0.0,0.0
(河南省,周口市),0.0,0.0,0.0,0.0,1.0,0.0,0.0,0.0,0.0
(山东省,日照市),1.0,1.0,1.0,1.0,2.0,1.0,0.0,0.0,0.0
(辽宁省,丹东市),0.0,0.0,0.0,0.0,0.0,0.0,0.0,0.0,0.0
(河北省,邢台市),3.0,3.0,2.0,0.0,2.0,2.0,2.0,0.0,0.0
(辽宁省,沈阳市),7.0,5.0,2.0,3.0,4.0,4.0,1.0,0.0,0.0
(湖南省,张家界市),0.0,0.0,0.0,2.0,0.0,2.0,0.0,0.0,0.0
(黑龙江省,大庆市),1.0,1.0,1.0,0.0,2.0,1.0,0.0,0.0,0.0
(山东省,济南市),8.0,4.0,4.0,5.0,3.0,3.0,1.0,0.0,0.0
(湖南省,益阳市),97.0,69.0,37.0,33.0,55.0,29.0,7.0,0.0,0.0
(浙江省,舟山市),0.0,0.0,0.0,1.0,0.0,1.0,0.0,0.0,0.0
(江西省,吉安市),1.0,1.0,0.0,0.0,0.0,0.0,0.0,0.0,0.0
(湖北省,咸宁市),1.0,1.0,1.0,0.0,0.0,0.0,0.0,0.0,0.0
(云南省,昭通市),0.0,0.0,0.0,0.0,1.0,0.0,0.0,0.0,0.0
(浙江省,杭州市),13.0,8.0,5.0,11.0,9.0,6.0,3.0,0.0,0.0
(吉林省,吉林市),1.0,0.0,0.0,0.0,2.0,1.0,0.0,0.0,0.0
(浙江省,台州市),3.0,3.0,2.0,2.0,1.0,0.0,0.0,0.0,0.0
(广东省,中山市),1.0,1.0,1.0,1.0,0.0,0.0,0.0,0.0,0.0
(湖南省,郴州市),0.0,0.0,0.0,0.0,1.0,0.0,0.0,0.0,0.0
(宁夏回族自治区,银川市),1.0,1.0,1.0,0.0,0.0,0.0,0.0,0.0,0.0
(江苏省,泰州市),1.0,1.0,0.0,0.0,1.0,0.0,0.0,0.0,0.0
(湖南省,衡阳市),3.0,1.0,1.0,0.0,2.0,0.0,0.0,0.0,0.0
(江苏省,淮安市),0.0,0.0,0.0,1.0,1.0,1.0,1.0,0.0,0.0
(四川省,自贡市),1.0,0.0,0.0,0.0,1.0,0.0,0.0,0.0,0.0
(浙江省,湖州市),3.0,3.0,3.0,0.0,1.0,1.0,0.0,0.0,0.0
(河北省,邯郸市),2.0,1.0,1.0,1.0,3.0,1.0,0.0,0.0,0.0
(北京市,北京市),18.0,13.0,10.0,9.0,8.0,8.0,2.0,0.0,0.0
(安徽省,铜陵市),0.0,0.0,0.0,1.0,0.0,0.0,0.0,0.0,0.0
(河南省,开封市),0.0,0.0,0.0,1.0,1.0,1.0,1.0,0.0,0.0
(广西壮族自治区,百色市),0.0,0.0,0.0,0.0,1.0,0.0,0.0,0.0,0.0
(广东省,汕头市),1.0,1.0,1.0,1.0,0.0,0.0,0.0,0.0,0.0
(湖南省,湘西土家族苗族自治州),1.0,0.0,0.0,0.0,0.0,0.0,0.0,0.0,0.0
(陕西省,未知),0.0,0.0,0.0,1.0,0.0,0.0,0.0,0.0,0.0
(湖北省,十堰市),0.0,0.0,0.0,0.0,1.0,1.0,0.0,0.0,0.0
(安徽省,芜湖市),2.0,1.0,0.0,0.0,0.0,0.0,0.0,0.0,0.0
(新疆维吾尔自治区,乌鲁木齐市),2.0,0.0,0.0,2.0,1.0,0.0,0.0,0.0,0.0
(江西省,未知),1.0,1.0,0.0,0.0,0.0,0.0,0.0,0.0,0.0
(四川省,宜宾市),1.0,0.0,0.0,1.0,0.0,2.0,0.0,0.0,0.0
(新疆维吾尔自治区,未知),0.0,0.0,0.0,0.0,0.0,0.0,0.0,0.0,0.0
(甘肃省,张掖市),1.0,1.0,0.0,0.0,2.0,0.0,0.0,0.0,0.0
(湖北省,武汉市),8.0,6.0,4.0,5.0,3.0,2.0,0.0,0.0,0.0
(辽宁省,朝阳市),1.0,1.0,1.0,0.0,0.0,1.0,0.0,0.0,0.0
(浙江省,丽水市),2.0,2.0,1.0,1.0,0.0,1.0,0.0,0.0,0.0
(福建省,龙岩市),3.0,2.0,1.0,1.0,0.0,1.0,0.0,0.0,0.0
(贵州省,贵阳市),1.0,1.0,1.0,0.0,1.0,1.0,0.0,0.0,0.0
(山东省,菏泽市),2.0,0.0,0.0,0.0,0.0,0.0,0.0,0.0,0.0
(上海市,上海市),13.0,8.0,6.0,7.0,5.0,7.0,4.0,0.0,0.0
(广西壮族自治区,桂林市),2.0,2.0,1.0,0.0,0.0,0.0,0.0,0.0,0.0
(福建省,漳州市),1.0,0.0,0.0,1.0,1.0,0.0,0.0,0.0,0.0
(陕西省,榆林市),0.0,0.0,0.0,0.0,1.0,0.0,0.0,0.0,0.0
(浙江省,嘉兴市),3.0,3.0,1.0,0.0,1.0,1.0,0.0,0.0,0.0
(广东省,云浮市),1.0,1.0,1.0,0.0,0.0,1.0,0.0,0.0,0.0
(河南省,许昌市),0.0,0.0,0.0,2.0,1.0,1.0,0.0,0.0,0.0
(山东省,烟台市),4.0,2.0,1.0,1.0,0.0,1.0,0.0,0.0,0.0
(江西省,上饶市),4.0,2.0,0.0,0.0,0.0,0.0,0.0,0.0,0.0
(四川省,德阳市),0.0,0.0,0.0,0.0,0.0,0.0,0.0,0.0,0.0
(江苏省,苏州市),14.0,8.0,4.0,1.0,6.0,6.0,2.0,0.0,0.0
(未知,未知),3.0,1.0,0.0,1.0,2.0,0.0,0.0,0.0,0.0
(河北省,唐山市),2.0,1.0,1.0,3.0,3.0,1.0,0.0,0.0,0.0
(江苏省,南京市),7.0,5.0,4.0,8.0,6.0,4.0,1.0,0.0,0.0
(山东省,济宁市),6.0,3.0,0.0,1.0,1.0,0.0,0.0,0.0,0.0
(山东省,泰安市),1.0,1.0,1.0,1.0,0.0,0.0,0.0,0.0,0.0
(江苏省,宿迁市),1.0,0.0,0.0,0.0,0.0,0.0,0.0,0.0,0.0
(陕西省,安康市),1.0,1.0,1.0,1.0,0.0,0.0,0.0,0.0,0.0
(贵州省,安顺市),1.0,1.0,1.0,0.0,0.0,0.0,0.0,0.0,0.0
(浙江省,衢州市),1.0,1.0,1.0,2.0,0.0,0.0,0.0,0.0,0.0
(内蒙古自治区,鄂尔多斯市),2.0,2.0,1.0,0.0,1.0,1.0,1.0,0.0,0.0
(安徽省,合肥市),14.0,10.0,6.0,2.0,6.0,2.0,1.0,0.0,0.0
(福建省,福州市),1.0,1.0,1.0,2.0,3.0,1.0,0.0,0.0,0.0
(河南省,信阳市),1.0,0.0,0.0,1.0,3.0,0.0,0.0,0.0,0.0
(天津市,天津市),5.0,5.0,2.0,3.0,3.0,3.0,0.0,0.0,0.0
(湖南省,娄底市),2.0,2.0,1.0,1.0,2.0,0.0,0.0,0.0,0.0
(四川省,绵阳市),2.0,1.0,1.0,0.0,0.0,2.0,1.0,0.0,0.0
(江苏省,无锡市),9.0,8.0,3.0,3.0,3.0,2.0,1.0,0.0,0.0
(广东省,佛山市),3.0,1.0,0.0,1.0,1.0,2.0,0.0,0.0,0.0
(河南省,南阳市),1.0,1.0,1.0,0.0,1.0,1.0,1.0,0.0,0.0
(云南省,玉溪市),0.0,0.0,0.0,1.0,0.0,0.0,0.0,0.0,0.0
(江苏省,常州市),6.0,3.0,3.0,3.0,3.0,4.0,1.0,0.0,0.0
(江苏省,盐城市),3.0,3.0,1.0,1.0,0.0,1.0,1.0,0.0,0.0
(陕西省,渭南市),1.0,1.0,1.0,0.0,0.0,0.0,0.0,0.0,0.0
(广东省,惠州市),1.0,0.0,0.0,1.0,1.0,1.0,0.0,0.0,0.0
(福建省,莆田市),2.0,2.0,1.0,0.0,0.0,0.0,0.0,0.0,0.0
(四川省,成都市),5.0,4.0,2.0,4.0,1.0,4.0,0.0,0.0,0.0
(安徽省,淮南市),1.0,1.0,0.0,1.0,0.0,0.0,0.0,0.0,0.0
(山东省,聊城市),4.0,2.0,1.0,1.0,3.0,3.0,0.0,0.0,0.0
(广东省,东莞市),3.0,2.0,2.0,2.0,1.0,1.0,0.0,0.0,0.0
(黑龙江省,佳木斯市),0.0,0.0,0.0,1.0,0.0,0.0,0.0,0.0,0.0
(河南省,安阳市),1.0,0.0,0.0,1.0,1.0,0.0,0.0,0.0,0.0
(福建省,泉州市),5.0,3.0,1.0,0.0,1.0,0.0,0.0,0.0,0.0
(山东省,青岛市),6.0,4.0,1.0,1.0,6.0,3.0,1.0,0.0,0.0
(安徽省,未知),1.0,1.0,1.0,2.0,2.0,2.0,0.0,0.0,0.0
(广西壮族自治区,柳州市),1.0,1.0,1.0,0.0,0.0,0.0,0.0,0.0,0.0
(河南省,漯河市),0.0,0.0,0.0,2.0,0.0,0.0,0.0,0.0,0.0
(黑龙江省,七台河市),1.0,0.0,0.0,0.0,0.0,0.0,0.0,0.0,0.0
(广东省,广州市),23.0,15.0,7.0,9.0,9.0,9.0,4.0,0.0,0.0
(四川省,泸州市),1.0,1.0,1.0,0.0,0.0,0.0,0.0,0.0,0.0
(山东省,德州市),3.0,1.0,0.0,0.0,1.0,1.0,1.0,0.0,0.0
(四川省,遂宁市),0.0,0.0,0.0,0.0,2.0,0.0,0.0,0.0,0.0
(山东省,东营市),0.0,0.0,0.0,0.0,0.0,0.0,0.0,0.0,0.0
(江苏省,未知),0.0,0.0,0.0,2.0,3.0,2.0,0.0,0.0,0.0
(山西省,忻州市),0.0,0.0,0.0,1.0,0.0,0.0,0.0,0.0,0.0
(山东省,临沂市),1.0,1.0,0.0,2.0,6.0,2.0,2.0,0.0,0.0
(吉林省,长春市),7.0,3.0,2.0,0.0,0.0,0.0,0.0,0.0,0.0
(云南省,临沧市),1.0,0.0,0.0,0.0,0.0,0.0,0.0,0.0,0.0
(安徽省,宿州市),3.0,2.0,1.0,0.0,0.0,0.0,0.0,0.0,0.0
(广西壮族自治区,梧州市),3.0,3.0,1.0,0.0,0.0,0.0,0.0,0.0,0.0
(河北省,沧州市),4.0,4.0,1.0,2.0,3.0,0.0,0.0,0.0,0.0
(辽宁省,鞍山市),1.0,1.0,1.0,0.0,1.0,1.0,1.0,0.0,0.0
(河北省,衡水市),4.0,3.0,1.0,0.0,1.0,0.0,0.0,0.0,0.0
(江西省,抚州市),2.0,1.0,1.0,0.0,0.0,0.0,0.0,0.0,0.0
(浙江省,金华市),3.0,2.0,0.0,0.0,2.0,1.0,0.0,0.0,0.0
