掌上书城,0.0,0.0,0.0,0.0,0.0,0.0,0.0,0.0,0.0
玄幻小说,1.0,1.0,0.0,0.0,0.0,0.0,0.0,0.0,0.0
塔鲁大冒险汉化版,1.0,0.0,0.0,2.0,1.0,1.0,0.0,0.0,0.0
海岛之战,1.0,1.0,0.0,0.0,0.0,0.0,0.0,0.0,0.0
消灭星星2016,2.0,2.0,0.0,1.0,2.0,0.0,0.0,0.0,0.0
未知,0.0,0.0,0.0,0.0,1.0,0.0,0.0,0.0,0.0
女性-and,3.0,1.0,1.0,1.0,0.0,0.0,0.0,0.0,0.0
阅读时间,0.0,0.0,0.0,0.0,1.0,0.0,0.0,0.0,0.0
鳄鱼小顽皮爱洗澡,0.0,0.0,0.0,1.0,2.0,1.0,1.0,0.0,0.0
【TOP】言情小说精品全集,2.0,2.0,1.0,0.0,0.0,0.0,0.0,0.0,0.0
水果消消乐,0.0,0.0,0.0,0.0,0.0,0.0,0.0,0.0,0.0
动动脑子-疯狂脑筋急转弯,0.0,0.0,0.0,0.0,1.0,0.0,0.0,0.0,0.0
免费阅读器,1.0,1.0,1.0,1.0,1.0,0.0,0.0,0.0,0.0
养生头条,1.0,1.0,0.0,0.0,0.0,0.0,0.0,0.0,0.0
免费小说,2.0,1.0,0.0,2.0,0.0,1.0,0.0,0.0,0.0
户外健身,1.0,0.0,0.0,0.0,1.0,1.0,0.0,0.0,0.0
天天消消乐,1.0,1.0,0.0,1.0,1.0,0.0,0.0,0.0,0.0
星星消不停,0.0,0.0,0.0,1.0,0.0,1.0,0.0,0.0,0.0
单机麻将,1.0,0.0,0.0,0.0,0.0,0.0,0.0,0.0,0.0
2012最新穿越小说,1.0,1.0,1.0,0.0,0.0,0.0,0.0,0.0,0.0
爱奇艺,127.0,88.0,52.0,67.0,57.0,47.0,6.0,0.0,0.0
百思不得姐,1.0,1.0,1.0,0.0,0.0,0.0,0.0,0.0,0.0
网络原创小说人气榜,0.0,0.0,0.0,0.0,0.0,0.0,0.0,0.0,0.0
水果连连看,0.0,0.0,0.0,1.0,0.0,0.0,0.0,0.0,0.0
风行视频,9.0,3.0,1.0,8.0,4.0,3.0,0.0,0.0,0.0
升级拖拉机,2.0,1.0,0.0,0.0,0.0,0.0,0.0,0.0,0.0
中国农贸网,1.0,1.0,1.0,0.0,1.0,1.0,0.0,0.0,0.0
全本小说吧【免费书城】,0.0,0.0,0.0,0.0,0.0,0.0,0.0,0.0,0.0
[更新]郭德纲2013相声,0.0,0.0,0.0,0.0,1.0,0.0,0.0,0.0,0.0
有声大讲堂,1.0,0.0,0.0,0.0,1.0,0.0,0.0,0.0,0.0
漫画大全,0.0,0.0,0.0,0.0,1.0,0.0,0.0,0.0,0.0
潮派书画,2.0,1.0,1.0,2.0,0.0,3.0,1.0,0.0,0.0
猫狗大战,6.0,3.0,2.0,3.0,2.0,2.0,1.0,0.0,0.0
免费书城,0.0,0.0,0.0,0.0,1.0,1.0,0.0,0.0,0.0
神庙逃亡2,5.0,4.0,4.0,3.0,2.0,2.0,0.0,0.0,0.0
云视TV,0.0,0.0,0.0,1.0,0.0,1.0,1.0,0.0,0.0
【言情小说吧】,1.0,1.0,0.0,1.0,2.0,1.0,1.0,0.0,0.0
俄罗斯方块,9.0,9.0,4.0,2.0,7.0,1.0,0.0,0.0,0.0
驾校一点通-ios科大,4.0,0.0,0.0,0.0,1.0,0.0,0.0,0.0,0.0
360影视大全,11.0,7.0,5.0,7.0,8.0,6.0,1.0,0.0,0.0
免费小说阅读器,1.0,1.0,1.0,0.0,0.0,0.0,0.0,0.0,0.0
补肾壮阳药膳,1.0,0.0,0.0,0.0,0.0,0.0,0.0,0.0,0.0
麻将(单机版,0.0,0.0,0.0,1.0,0.0,0.0,0.0,0.0,0.0
拖拉机升级,0.0,0.0,0.0,1.0,0.0,0.0,0.0,0.0,0.0
快看免费小说,2.0,1.0,1.0,0.0,1.0,1.0,1.0,0.0,0.0
粉碎星星传奇,0.0,0.0,0.0,0.0,1.0,1.0,0.0,0.0,0.0
免费书旗小说,1.0,1.0,1.0,0.0,0.0,0.0,0.0,0.0,0.0
随手电筒-科大,0.0,0.0,0.0,0.0,0.0,0.0,0.0,0.0,0.0
疯狂100层,1.0,0.0,0.0,0.0,0.0,0.0,0.0,0.0,0.0
2D桌球,0.0,0.0,0.0,0.0,1.0,1.0,1.0,0.0,0.0
全本小说,2.0,1.0,1.0,1.0,1.0,1.0,1.0,0.0,0.0
BB弹-超沉迷,1.0,1.0,0.0,0.0,0.0,0.0,0.0,0.0,0.0
最新全本小说点击榜,0.0,0.0,0.0,0.0,1.0,0.0,0.0,0.0,0.0
每日特价,2.0,1.0,0.0,0.0,3.0,2.0,1.0,0.0,0.0
com.pplive.androidphone,0.0,0.0,0.0,0.0,0.0,0.0,0.0,0.0,0.0
水果消消,0.0,0.0,0.0,0.0,1.0,0.0,0.0,0.0,0.0
其他,263.0,178.0,100.0,94.0,117.0,84.0,27.0,0.0,0.0
找茬猫,1.0,1.0,1.0,0.0,0.0,0.0,0.0,0.0,0.0
挖坑,0.0,0.0,0.0,1.0,0.0,0.0,0.0,0.0,0.0
资讯-and,4.0,3.0,1.0,1.0,3.0,2.0,1.0,0.0,0.0
内涵图片段子,0.0,0.0,0.0,0.0,1.0,0.0,0.0,0.0,0.0
聚力视频,2.0,2.0,1.0,1.0,1.0,3.0,1.0,0.0,0.0
快递查查,0.0,0.0,0.0,0.0,1.0,1.0,0.0,0.0,0.0
澳门方块,0.0,0.0,0.0,3.0,2.0,1.0,0.0,0.0,0.0
免费全本小说,0.0,0.0,0.0,0.0,0.0,0.0,0.0,0.0,0.0
一生必读的10本智慧书,1.0,0.0,0.0,0.0,0.0,0.0,0.0,0.0,0.0
连点消除,1.0,0.0,0.0,0.0,0.0,0.0,0.0,0.0,0.0
御鉴收藏,0.0,0.0,0.0,0.0,1.0,0.0,0.0,0.0,0.0
停车大师3D2,1.0,1.0,1.0,0.0,0.0,0.0,0.0,0.0,0.0
搜狐新闻,1.0,0.0,0.0,1.0,0.0,1.0,0.0,0.0,0.0
饥饿鲨进化,2.0,2.0,0.0,1.0,0.0,0.0,0.0,0.0,0.0
星星消消乐,4.0,3.0,2.0,0.0,1.0,0.0,0.0,0.0,0.0
书包小说阅读,0.0,0.0,0.0,0.0,0.0,0.0,0.0,0.0,0.0
宜搜小说,0.0,0.0,0.0,1.0,1.0,1.0,0.0,0.0,0.0
流行之星,4.0,2.0,1.0,0.0,2.0,2.0,1.0,0.0,0.0
FreeCarRacingGames,1.0,0.0,0.0,0.0,0.0,1.0,1.0,0.0,0.0
360WiFi,0.0,0.0,0.0,1.0,0.0,0.0,0.0,0.0,0.0
小说阅读器,6.0,4.0,4.0,1.0,2.0,2.0,0.0,0.0,0.0
蕃茄阅读,1.0,1.0,1.0,0.0,0.0,0.0,0.0,0.0,0.0
叫叫大比拼,1.0,1.0,0.0,1.0,0.0,0.0,0.0,0.0,0.0
爸爸去哪儿2,0.0,0.0,0.0,0.0,0.0,0.0,0.0,0.0,0.0
全本小说书城,0.0,0.0,0.0,1.0,1.0,0.0,0.0,0.0,0.0
消灭宝石,1.0,1.0,1.0,0.0,0.0,0.0,0.0,0.0,0.0
地铁跑酷,3.0,2.0,1.0,3.0,1.0,1.0,0.0,0.0,0.0
新2048,1.0,1.0,0.0,0.0,2.0,1.0,0.0,0.0,0.0
搏击王国,1.0,0.0,0.0,1.0,0.0,0.0,0.0,0.0,0.0
五子连珠,0.0,0.0,0.0,0.0,0.0,0.0,0.0,0.0,0.0
养车资讯,0.0,0.0,0.0,1.0,0.0,1.0,0.0,0.0,0.0
网络经典言情小说,0.0,0.0,0.0,0.0,0.0,0.0,0.0,0.0,0.0
重生之官道+免费阅读书小说漫画杂志电子书,0.0,0.0,0.0,1.0,0.0,0.0,0.0,0.0,0.0
PopStar！消灭星星官方正版,4.0,2.0,2.0,4.0,3.0,3.0,0.0,0.0,0.0
全番单机麻将,0.0,0.0,0.0,0.0,1.0,0.0,0.0,0.0,0.0
赚钱三国,1.0,0.0,0.0,0.0,0.0,0.0,0.0,0.0,0.0
豆瓣高分小说大合集,0.0,0.0,0.0,0.0,0.0,0.0,0.0,0.0,0.0
愤怒的老奶奶,5.0,3.0,1.0,6.0,5.0,1.0,0.0,0.0,0.0
［有声］言情小说2013精品大合集,0.0,0.0,0.0,0.0,1.0,0.0,0.0,0.0,0.0
PopStar!消灭星星,14.0,10.0,3.0,6.0,4.0,4.0,0.0,0.0,0.0
天天看,0.0,0.0,0.0,0.0,2.0,0.0,0.0,0.0,0.0
尊客,1.0,0.0,0.0,0.0,0.0,0.0,0.0,0.0,0.0
免费看书,2.0,2.0,1.0,0.0,1.0,1.0,0.0,0.0,0.0
汽车-and,0.0,0.0,0.0,1.0,1.0,0.0,0.0,0.0,0.0
么么答,0.0,0.0,0.0,1.0,0.0,1.0,1.0,0.0,0.0
微红包,0.0,0.0,0.0,0.0,0.0,0.0,0.0,0.0,0.0
免费淘小说,2.0,1.0,0.0,0.0,0.0,0.0,0.0,0.0,0.0
精灵读书,1.0,0.0,0.0,0.0,0.0,0.0,0.0,0.0,0.0
单机斗地主,2.0,2.0,1.0,2.0,1.0,2.0,0.0,0.0,0.0
小说下载阅读器,1.0,0.0,0.0,0.0,0.0,0.0,0.0,0.0,0.0
首度汽车资讯,1.0,0.0,0.0,0.0,0.0,0.0,0.0,0.0,0.0
台球大师专业版,5.0,4.0,2.0,5.0,1.0,1.0,0.0,0.0,0.0
孝道,1.0,1.0,0.0,0.0,0.0,0.0,0.0,0.0,0.0
分享赚钱抢红包、话费,2.0,1.0,0.0,0.0,0.0,0.0,0.0,0.0,0.0
捕鱼达人3,0.0,0.0,0.0,0.0,2.0,0.0,0.0,0.0,0.0
数独,0.0,0.0,0.0,0.0,2.0,1.0,0.0,0.0,0.0
见缝插针,1.0,0.0,0.0,0.0,0.0,0.0,0.0,0.0,0.0
金庸全集,0.0,0.0,0.0,0.0,1.0,1.0,0.0,0.0,0.0
面相风水,1.0,1.0,1.0,1.0,0.0,2.0,0.0,0.0,0.0
马上赚钱,62.0,43.0,26.0,24.0,32.0,16.0,2.0,0.0,0.0
精品小说书城,0.0,0.0,0.0,1.0,0.0,1.0,0.0,0.0,0.0
言情小说,0.0,0.0,0.0,0.0,1.0,0.0,0.0,0.0,0.0
365免费小说,0.0,0.0,0.0,0.0,0.0,0.0,0.0,0.0,0.0
饥饿鲨：进化,0.0,0.0,0.0,0.0,0.0,0.0,0.0,0.0,0.0
汽车-ios,1.0,0.0,0.0,0.0,0.0,0.0,0.0,0.0,0.0
基础韩语口语,1.0,0.0,0.0,0.0,0.0,0.0,0.0,0.0,0.0
掌上糗百搞笑图片福利视频糗事百科段子的娱乐社区,0.0,0.0,0.0,0.0,0.0,0.0,0.0,0.0,0.0
欢乐泡泡,2.0,1.0,1.0,0.0,1.0,1.0,1.0,0.0,0.0
萌宝去哪儿,1.0,0.0,0.0,1.0,0.0,0.0,0.0,0.0,0.0
天天消水果,1.0,0.0,0.0,0.0,0.0,0.0,0.0,0.0,0.0
内涵段子,0.0,0.0,0.0,0.0,0.0,0.0,0.0,0.0,0.0
小说人气榜,0.0,0.0,0.0,0.0,0.0,0.0,0.0,0.0,0.0
中国象棋,2.0,1.0,1.0,1.0,0.0,1.0,0.0,0.0,0.0
消灭星星-科大,8.0,8.0,6.0,2.0,1.0,0.0,0.0,0.0,0.0
咱们结婚吧,0.0,0.0,0.0,0.0,0.0,0.0,0.0,0.0,0.0
星星对战,1.0,0.0,0.0,0.0,0.0,0.0,0.0,0.0,0.0
消灭星星,1.0,0.0,0.0,0.0,0.0,0.0,0.0,0.0,0.0
暴风影音,9.0,7.0,4.0,6.0,6.0,1.0,1.0,0.0,0.0
应用锁,0.0,0.0,0.0,0.0,1.0,0.0,0.0,0.0,0.0
天天爱阅读【免费网上书城】,1.0,1.0,1.0,0.0,0.0,0.0,0.0,0.0,0.0
2013小说全本精选榜,1.0,1.0,0.0,2.0,2.0,1.0,0.0,0.0,0.0
快读免费小说,2.0,2.0,1.0,0.0,0.0,0.0,0.0,0.0,0.0
每日红包马上赚钱,1.0,1.0,1.0,0.0,3.0,0.0,0.0,0.0,0.0
满天星3,6.0,4.0,2.0,1.0,0.0,2.0,0.0,0.0,0.0
水果连连看3,1.0,1.0,0.0,0.0,2.0,0.0,0.0,0.0,0.0
PopStar!Lite,0.0,0.0,0.0,0.0,0.0,0.0,0.0,0.0,0.0
任天堂N64模拟器,13.0,11.0,3.0,5.0,13.0,5.0,0.0,0.0,0.0
ATMPocket,0.0,0.0,0.0,0.0,0.0,0.0,0.0,0.0,0.0
安卓壁纸,1.0,1.0,0.0,0.0,0.0,0.0,0.0,0.0,0.0
360手机浏览器,1.0,0.0,0.0,0.0,0.0,1.0,0.0,0.0,0.0
2013最火言情小说,0.0,0.0,0.0,2.0,0.0,1.0,0.0,0.0,0.0
好豆菜谱,24.0,13.0,6.0,15.0,15.0,9.0,4.0,0.0,0.0
1010!,1.0,0.0,0.0,0.0,0.0,0.0,0.0,0.0,0.0
popstar!星星消灭,0.0,0.0,0.0,0.0,1.0,1.0,0.0,0.0,0.0
蜘蛛纸牌,1.0,0.0,0.0,0.0,1.0,1.0,0.0,0.0,0.0
星星消灭了3,1.0,1.0,0.0,0.0,0.0,0.0,0.0,0.0,0.0
